{
  "Background": [{
    "R": 255,
    "B": 255,
    "G": 255
  }],
  "SongName": "C:\\Users\\angel\\Desktop\\FinalHerramientas\\AudioEditor\\data\\Eury.mp3",
  "Level": [
    {
      "Shape": 1,
      "Position": 190,
      "Size": 10,
      "Color": [{
        "R": 0,
        "B": 0,
        "G": 0
      }],
      "x": 450,
      "Time": 9000
    },
    {
      "Shape": 1,
      "Position": 90,
      "Size": 10,
      "Color": [{
        "R": 154.2142791748047,
        "B": 193.07144165039062,
        "G": 108.07142639160156
      }],
      "x": 500,
      "Time": 10000
    },
    {
      "Shape": 1,
      "Position": 40,
      "Size": 10,
      "Color": [{
        "R": 154.2142791748047,
        "B": 193.07144165039062,
        "G": 108.07142639160156
      }],
      "x": 150,
      "Time": 109191.125
    },
    {
      "Shape": 1,
      "Position": 140,
      "Size": 10,
      "Color": [{
        "R": 154.2142791748047,
        "B": 193.07144165039062,
        "G": 108.07142639160156
      }],
      "x": 400,
      "Time": 114191.125
    }
  ],
  "Lenght": 60
}